 26 25
   0.000000   3.845033   11.534954   23.069466   38.448131  57.670361  80.735420
 107.642428 138.390356  172.978031  211.404129  253.667183 299.765578 349.697551
 403.461195 461.054455  522.475130  587.720871  656.789185 729.677432 806.382824
 886.902431 971.233172 1059.371823 1151.315015 1247.059230
  1.0  3.0  5.0  7.0  9.0 11.0 13.0 15.0 17.0 19.0 21.0 23.0 25.0 27.0 29.0 31.0
 33.0 35.0 37.0 39.0 41.0 43.0 45.0 47.0 49.0 51.0
  2  3  4  5  6  7  8  9 10 11 12 13 14 15 16 17 18 19 20 21 22 23 24 25
 26
  1  2  3  4  5  6  7  8  9 10 11 12 13 14 15 16 17 18 19 20 21 22 23 24
 25 
 7.165E-08 6.874E-07 2.483E-06 6.093E-06 1.215E-05 2.126E-05 3.403E-05 5.105E-05
 7.287E-05 1.000E-04 1.331E-04 1.725E-04 2.187E-04 2.721E-04 3.332E-04 4.023E-04
 4.796E-04 5.655E-04 6.602E-04 7.638E-04 8.765E-04 9.984E-04 1.130E-03 1.270E-03
 1.419E-03 
325  5  10.0 40.0 100.0 300.0 600.0
  2  3  3  4  4  4  5  5  5  5  6  6  6  6  6  7  7  7  7  7  7  8  8  8  8
  8  8  8  9  9  9  9  9  9  9  9 10 10 10 10 10 10 10 10 10 11 11 11 11 11
 11 11 11 11 11 12 12 12 12 12 12 12 12 12 12 12 13 13 13 13 13 13 13 13 13
 13 13 13 14 14 14 14 14 14 14 14 14 14 14 14 14 15 15 15 15 15 15 15 15 15
 15 15 15 15 15 16 16 16 16 16 16 16 16 16 16 16 16 16 16 16 17 17 17 17 17
 17 17 17 17 17 17 17 17 17 17 17 18 18 18 18 18 18 18 18 18 18 18 18 18 18
 18 18 18 19 19 19 19 19 19 19 19 19 19 19 19 19 19 19 19 19 19 20 20 20 20
 20 20 20 20 20 20 20 20 20 20 20 20 20 20 20 21 21 21 21 21 21 21 21 21 21
 21 21 21 21 21 21 21 21 21 21 22 22 22 22 22 22 22 22 22 22 22 22 22 22 22
 22 22 22 22 22 22 23 23 23 23 23 23 23 23 23 23 23 23 23 23 23 23 23 23 23
 23 23 23 24 24 24 24 24 24 24 24 24 24 24 24 24 24 24 24 24 24 24 24 24 24
 24 25 25 25 25 25 25 25 25 25 25 25 25 25 25 25 25 25 25 25 25 25 25 25 25
 26 26 26 26 26 26 26 26 26 26 26 26 26 26 26 26 26 26 26 26 26 26 26 26 26
  1  1  2  1  2  3  1  2  3  4  1  2  3  4  5  1  2  3  4  5  6  1  2  3  4
  5  6  7  1  2  3  4  5  6  7  8  1  2  3  4  5  6  7  8  9  1  2  3  4  5
  6  7  8  9 10  1  2  3  4  5  6  7  8  9 10 11  1  2  3  4  5  6  7  8  9
 10 11 12  1  2  3  4  5  6  7  8  9 10 11 12 13  1  2  3  4  5  6  7  8  9
 10 11 12 13 14  1  2  3  4  5  6  7  8  9 10 11 12 13 14 15  1  2  3  4  5
  6  7  8  9 10 11 12 13 14 15 16  1  2  3  4  5  6  7  8  9 10 11 12 13 14
 15 16 17  1  2  3  4  5  6  7  8  9 10 11 12 13 14 15 16 17 18  1  2  3  4
  5  6  7  8  9 10 11 12 13 14 15 16 17 18 19  1  2  3  4  5  6  7  8  9 10
 11 12 13 14 15 16 17 18 19 20  1  2  3  4  5  6  7  8  9 10 11 12 13 14 15
 16 17 18 19 20 21  1  2  3  4  5  6  7  8  9 10 11 12 13 14 15 16 17 18 19
 20 21 22  1  2  3  4  5  6  7  8  9 10 11 12 13 14 15 16 17 18 19 20 21 22
 23  1  2  3  4  5  6  7  8  9 10 11 12 13 14 15 16 17 18 19 20 21 22 23 24
  1  2  3  4  5  6  7  8  9 10 11 12 13 14 15 16 17 18 19 20 21 22 23 24 25
 2.7E-11 4.1E-11 4.7E-11 6.3E-12 5.8E-11 5.4E-11 5.5E-12 1.9E-11
 6.3E-11 5.4E-11 2.1E-12 1.1E-11 2.2E-11 6.6E-11 5.4E-11 1.4E-12
 6.9E-12 1.3E-11 2.2E-11 6.8E-11 5.3E-11 9.9E-13 2.7E-12 8.0E-12
 1.4E-11 2.3E-11 6.9E-11 5.4E-11 4.7E-13 1.8E-12 3.2E-12 8.5E-12
 1.5E-11 2.4E-11 7.0E-11 5.4E-11 2.4E-13 8.5E-13 2.1E-12 3.4E-12
 9.0E-12 1.5E-11 2.4E-11 7.1E-11 5.4E-11 1.2E-13 4.3E-13 1.0E-12
 2.3E-12 3.6E-12 9.3E-12 1.6E-11 2.5E-11 7.2E-11 5.4E-11 5.8E-14
 2.1E-13 5.1E-13 1.1E-12 2.4E-12 3.7E-12 9.6E-12 1.6E-11 2.5E-11
 7.3E-11 5.4E-11 2.8E-14 1.1E-13 2.5E-13 5.6E-13 1.2E-12 2.5E-12
 3.9E-12 9.9E-12 1.7E-11 2.5E-11 7.4E-11 5.5E-11 1.4E-14 4.9E-14
 1.3E-13 2.9E-13 6.2E-13 1.3E-12 2.7E-12 4.1E-12 1.0E-11 1.7E-11
 2.6E-11 7.5E-11 5.6E-11 5.3E-15 2.9E-14 6.9E-14 1.6E-13 3.3E-13
 6.8E-13 1.4E-12 2.8E-12 4.3E-12 1.1E-11 1.8E-11 2.7E-11 7.5E-11
 5.6E-11 1.6E-13 1.8E-14 4.7E-14 9.5E-14 2.0E-13 4.0E-13 7.9E-13
 1.6E-12 3.2E-12 4.9E-12 1.2E-11 1.8E-11 2.7E-11 7.5E-11 5.6E-11
 6.4E-15 2.0E-14 3.7E-14 7.7E-14 1.4E-13 2.8E-13 5.4E-13 1.1E-12
 2.1E-12 4.3E-12 4.7E-12 1.1E-11 1.8E-11 2.7E-11 7.5E-11 5.6E-11
 1.0E-13 2.5E-14 4.6E-14 7.8E-14 1.5E-13 2.7E-13 5.2E-13 1.0E-12
 2.0E-12 1.8E-12 3.8E-12 4.7E-12 1.1E-11 1.8E-11 2.7E-11 7.5E-11
 5.6E-11 9.9E-15 3.2E-14 6.2E-14 1.1E-13 1.9E-13 3.6E-13 6.9E-13
 1.4E-12 7.7E-13 1.5E-12 1.8E-12 3.7E-12 4.7E-12 1.1E-11 1.8E-11
 2.7E-11 7.6E-11 5.6E-11 8.6E-14 4.4E-14 8.8E-14 1.6E-13 3.0E-13
 5.7E-13 1.2E-12 4.7E-13 9.4E-13 7.2E-13 1.4E-12 1.8E-12 3.6E-12
 4.7E-12 1.2E-11 1.8E-11 2.7E-11 7.6E-11 5.6E-11 1.9E-14 6.4E-14
 1.3E-13 2.6E-13 5.1E-13 1.0E-12 3.8E-13 7.5E-13 4.2E-13 8.3E-13
 7.0E-13 1.4E-12 1.8E-12 3.6E-12 4.7E-12 1.2E-11 1.8E-11 2.7E-11
 7.6E-11 5.6E-11 8.9E-14 1.0E-13 2.2E-13 4.4E-13 9.2E-13 3.5E-13
 6.7E-13 3.4E-13 6.6E-13 4.0E-13 7.8E-13 6.9E-13 1.4E-12 1.8E-12
 3.6E-12 4.8E-12 1.2E-11 1.8E-11 2.7E-11 7.6E-11 5.6E-11 4.7E-14
 1.6E-13 3.7E-13 8.1E-13 3.2E-13 6.2E-13 3.2E-13 5.9E-13 3.2E-13
 6.2E-13 3.9E-13 7.6E-13 6.9E-13 1.3E-12 1.8E-12 3.6E-12 4.8E-12
 1.2E-11 1.8E-11 2.7E-11 7.6E-11 5.6E-11 1.3E-13 2.9E-13 6.9E-13
 2.9E-13 5.7E-13 3.0E-13 5.6E-13 3.1E-13 5.6E-13 3.1E-13 5.9E-13
 3.9E-13 7.4E-13 6.9E-13 1.3E-12 1.8E-12 3.7E-12 4.8E-12 1.2E-11
 1.8E-11 2.7E-11 7.6E-11 5.6E-11 1.4E-13 5.4E-13 2.6E-13 5.3E-13
 2.9E-13 5.4E-13 3.0E-13 5.4E-13 3.0E-13 5.5E-13 3.1E-13 5.8E-13
 3.9E-13 7.4E-13 6.9E-13 1.3E-12 1.8E-12 3.7E-12 4.8E-12 1.2E-11
 1.8E-11 2.7E-11 7.7E-11 5.6E-11 3.2E-13 2.1E-13 4.9E-13 2.8E-13
 5.2E-13 3.0E-13 5.3E-13 3.0E-13 5.4E-13 3.0E-13 5.4E-13 3.1E-13
 5.8E-13 3.8E-13 7.3E-13 6.9E-13 1.3E-12 1.8E-12 3.7E-12 4.9E-12
 1.2E-11 1.8E-11 2.7E-11 7.7E-11 5.6E-11
 2.7E-11 4.1E-11 4.7E-11 6.3E-12 5.8E-11 5.4E-11 5.5E-12 1.9E-11
 6.3E-11 5.4E-11 2.1E-12 1.1E-11 2.2E-11 6.6E-11 5.4E-11 1.4E-12
 6.9E-12 1.3E-11 2.2E-11 6.8E-11 5.3E-11 9.9E-13 2.7E-12 8.0E-12
 1.4E-11 2.3E-11 6.9E-11 5.4E-11 4.7E-13 1.8E-12 3.2E-12 8.5E-12
 1.5E-11 2.4E-11 7.0E-11 5.4E-11 2.4E-13 8.5E-13 2.1E-12 3.4E-12
 9.0E-12 1.5E-11 2.4E-11 7.1E-11 5.4E-11 1.2E-13 4.3E-13 1.0E-12
 2.3E-12 3.6E-12 9.3E-12 1.6E-11 2.5E-11 7.2E-11 5.4E-11 5.8E-14
 2.1E-13 5.1E-13 1.1E-12 2.4E-12 3.7E-12 9.6E-12 1.6E-11 2.5E-11
 7.3E-11 5.4E-11 2.8E-14 1.1E-13 2.5E-13 5.6E-13 1.2E-12 2.5E-12
 3.9E-12 9.9E-12 1.7E-11 2.5E-11 7.4E-11 5.5E-11 1.4E-14 4.9E-14
 1.3E-13 2.9E-13 6.2E-13 1.3E-12 2.7E-12 4.1E-12 1.0E-11 1.7E-11
 2.6E-11 7.5E-11 5.6E-11 5.3E-15 2.9E-14 6.9E-14 1.6E-13 3.3E-13
 6.8E-13 1.4E-12 2.8E-12 4.3E-12 1.1E-11 1.8E-11 2.7E-11 7.5E-11
 5.6E-11 1.6E-13 1.8E-14 4.7E-14 9.5E-14 2.0E-13 4.0E-13 7.9E-13
 1.6E-12 3.2E-12 4.9E-12 1.2E-11 1.8E-11 2.7E-11 7.5E-11 5.6E-11
 6.4E-15 2.0E-14 3.7E-14 7.7E-14 1.4E-13 2.8E-13 5.4E-13 1.1E-12
 2.1E-12 4.3E-12 4.7E-12 1.1E-11 1.8E-11 2.7E-11 7.5E-11 5.6E-11
 1.0E-13 2.5E-14 4.6E-14 7.8E-14 1.5E-13 2.7E-13 5.2E-13 1.0E-12
 2.0E-12 1.8E-12 3.8E-12 4.7E-12 1.1E-11 1.8E-11 2.7E-11 7.5E-11
 5.6E-11 9.9E-15 3.2E-14 6.2E-14 1.1E-13 1.9E-13 3.6E-13 6.9E-13
 1.4E-12 7.7E-13 1.5E-12 1.8E-12 3.7E-12 4.7E-12 1.1E-11 1.8E-11
 2.7E-11 7.6E-11 5.6E-11 8.6E-14 4.4E-14 8.8E-14 1.6E-13 3.0E-13
 5.7E-13 1.2E-12 4.7E-13 9.4E-13 7.2E-13 1.4E-12 1.8E-12 3.6E-12
 4.7E-12 1.2E-11 1.8E-11 2.7E-11 7.6E-11 5.6E-11 1.9E-14 6.4E-14
 1.3E-13 2.6E-13 5.1E-13 1.0E-12 3.8E-13 7.5E-13 4.2E-13 8.3E-13
 7.0E-13 1.4E-12 1.8E-12 3.6E-12 4.7E-12 1.2E-11 1.8E-11 2.7E-11
 7.6E-11 5.6E-11 8.9E-14 1.0E-13 2.2E-13 4.4E-13 9.2E-13 3.5E-13
 6.7E-13 3.4E-13 6.6E-13 4.0E-13 7.8E-13 6.9E-13 1.4E-12 1.8E-12
 3.6E-12 4.8E-12 1.2E-11 1.8E-11 2.7E-11 7.6E-11 5.6E-11 4.7E-14
 1.6E-13 3.7E-13 8.1E-13 3.2E-13 6.2E-13 3.2E-13 5.9E-13 3.2E-13
 6.2E-13 3.9E-13 7.6E-13 6.9E-13 1.3E-12 1.8E-12 3.6E-12 4.8E-12
 1.2E-11 1.8E-11 2.7E-11 7.6E-11 5.6E-11 1.3E-13 2.9E-13 6.9E-13
 2.9E-13 5.7E-13 3.0E-13 5.6E-13 3.1E-13 5.6E-13 3.1E-13 5.9E-13
 3.9E-13 7.4E-13 6.9E-13 1.3E-12 1.8E-12 3.7E-12 4.8E-12 1.2E-11
 1.8E-11 2.7E-11 7.6E-11 5.6E-11 1.4E-13 5.4E-13 2.6E-13 5.3E-13
 2.9E-13 5.4E-13 3.0E-13 5.4E-13 3.0E-13 5.5E-13 3.1E-13 5.8E-13
 3.9E-13 7.4E-13 6.9E-13 1.3E-12 1.8E-12 3.7E-12 4.8E-12 1.2E-11
 1.8E-11 2.7E-11 7.7E-11 5.6E-11 3.2E-13 2.1E-13 4.9E-13 2.8E-13
 5.2E-13 3.0E-13 5.3E-13 3.0E-13 5.4E-13 3.0E-13 5.4E-13 3.1E-13
 5.8E-13 3.8E-13 7.3E-13 6.9E-13 1.3E-12 1.8E-12 3.7E-12 4.9E-12
 1.2E-11 1.8E-11 2.7E-11 7.7E-11 5.6E-11
 2.5E-11 3.6E-11 4.7E-11 9.6E-12 5.8E-11 5.4E-11 6.7E-12 1.9E-11
 6.3E-11 5.4E-11 3.8E-12 1.1E-11 2.2E-11 6.6E-11 5.4E-11 1.4E-12
 6.9E-12 1.3E-11 2.2E-11 6.8E-11 5.3E-11 9.9E-13 2.7E-12 8.0E-12
 1.4E-11 2.3E-11 6.9E-11 5.4E-11 4.7E-13 1.8E-12 3.2E-12 8.5E-12
 1.5E-11 2.4E-11 7.0E-11 5.4E-11 2.4E-13 8.5E-13 2.1E-12 3.4E-12
 9.0E-12 1.5E-11 2.4E-11 7.1E-11 5.4E-11 1.2E-13 4.3E-13 1.0E-12
 2.3E-12 3.6E-12 9.3E-12 1.6E-11 2.5E-11 7.2E-11 5.4E-11 5.8E-14
 2.1E-13 5.1E-13 1.1E-12 2.4E-12 3.7E-12 9.6E-12 1.6E-11 2.5E-11
 7.3E-11 5.4E-11 2.8E-14 1.1E-13 2.5E-13 5.6E-13 1.2E-12 2.5E-12
 3.9E-12 9.9E-12 1.7E-11 2.5E-11 7.4E-11 5.5E-11 1.4E-14 4.9E-14
 1.3E-13 2.9E-13 6.2E-13 1.3E-12 2.7E-12 4.1E-12 1.0E-11 1.7E-11
 2.6E-11 7.5E-11 5.6E-11 5.3E-15 2.9E-14 6.9E-14 1.6E-13 3.3E-13
 6.8E-13 1.4E-12 2.8E-12 4.3E-12 1.1E-11 1.8E-11 2.7E-11 7.5E-11
 5.6E-11 1.6E-13 1.8E-14 4.7E-14 9.5E-14 2.0E-13 4.0E-13 7.9E-13
 1.6E-12 3.2E-12 4.9E-12 1.2E-11 1.8E-11 2.7E-11 7.5E-11 5.6E-11
 6.4E-15 2.0E-14 3.7E-14 7.7E-14 1.4E-13 2.8E-13 5.4E-13 1.1E-12
 2.1E-12 4.3E-12 4.7E-12 1.1E-11 1.8E-11 2.7E-11 7.5E-11 5.6E-11
 1.0E-13 2.5E-14 4.6E-14 7.8E-14 1.5E-13 2.7E-13 5.2E-13 1.0E-12
 2.0E-12 1.8E-12 3.8E-12 4.7E-12 1.1E-11 1.8E-11 2.7E-11 7.5E-11
 5.6E-11 9.9E-15 3.2E-14 6.2E-14 1.1E-13 1.9E-13 3.6E-13 6.9E-13
 1.4E-12 7.7E-13 1.5E-12 1.8E-12 3.7E-12 4.7E-12 1.1E-11 1.8E-11
 2.7E-11 7.6E-11 5.6E-11 8.6E-14 4.4E-14 8.8E-14 1.6E-13 3.0E-13
 5.7E-13 1.2E-12 4.7E-13 9.4E-13 7.2E-13 1.4E-12 1.8E-12 3.6E-12
 4.7E-12 1.2E-11 1.8E-11 2.7E-11 7.6E-11 5.6E-11 1.9E-14 6.4E-14
 1.3E-13 2.6E-13 5.1E-13 1.0E-12 3.8E-13 7.5E-13 4.2E-13 8.3E-13
 7.0E-13 1.4E-12 1.8E-12 3.6E-12 4.7E-12 1.2E-11 1.8E-11 2.7E-11
 7.6E-11 5.6E-11 8.9E-14 1.0E-13 2.2E-13 4.4E-13 9.2E-13 3.5E-13
 6.7E-13 3.4E-13 6.6E-13 4.0E-13 7.8E-13 6.9E-13 1.4E-12 1.8E-12
 3.6E-12 4.8E-12 1.2E-11 1.8E-11 2.7E-11 7.6E-11 5.6E-11 4.7E-14
 1.6E-13 3.7E-13 8.1E-13 3.2E-13 6.2E-13 3.2E-13 5.9E-13 3.2E-13
 6.2E-13 3.9E-13 7.6E-13 6.9E-13 1.3E-12 1.8E-12 3.6E-12 4.8E-12
 1.2E-11 1.8E-11 2.7E-11 7.6E-11 5.6E-11 1.3E-13 2.9E-13 6.9E-13
 2.9E-13 5.7E-13 3.0E-13 5.6E-13 3.1E-13 5.6E-13 3.1E-13 5.9E-13
 3.9E-13 7.4E-13 6.9E-13 1.3E-12 1.8E-12 3.7E-12 4.8E-12 1.2E-11
 1.8E-11 2.7E-11 7.6E-11 5.6E-11 1.4E-13 5.4E-13 2.6E-13 5.3E-13
 2.9E-13 5.4E-13 3.0E-13 5.4E-13 3.0E-13 5.5E-13 3.1E-13 5.8E-13
 3.9E-13 7.4E-13 6.9E-13 1.3E-12 1.8E-12 3.7E-12 4.8E-12 1.2E-11
 1.8E-11 2.7E-11 7.7E-11 5.6E-11 3.2E-13 2.1E-13 4.9E-13 2.8E-13
 5.2E-13 3.0E-13 5.3E-13 3.0E-13 5.4E-13 3.0E-13 5.4E-13 3.1E-13
 5.8E-13 3.8E-13 7.3E-13 6.9E-13 1.3E-12 1.8E-12 3.7E-12 4.9E-12
 1.2E-11 1.8E-11 2.7E-11 7.7E-11 5.6E-11
 3.1E-11 4.5E-11 6.4E-11 1.5E-11 7.0E-11 7.6E-11 7.5E-12 3.1E-11
 7.9E-11 7.8E-11 6.9E-12 1.4E-11 3.7E-11 8.4E-11 7.8E-11 2.4E-12
 1.4E-11 1.8E-11 3.9E-11 8.7E-11 7.8E-11 2.6E-12 5.4E-12 1.6E-11
 1.9E-11 4.0E-11 8.9E-11 7.8E-11 1.2E-12 5.1E-12 6.7E-12 1.8E-11
 2.0E-11 4.1E-11 9.0E-11 7.8E-11 9.5E-13 2.6E-12 6.2E-12 7.3E-12
 1.9E-11 2.0E-11 4.2E-11 9.1E-11 7.8E-11 5.3E-13 1.9E-12 3.2E-12
 6.8E-12 7.6E-12 1.9E-11 2.1E-11 4.2E-11 9.2E-11 7.8E-11 3.6E-13
 1.1E-12 2.4E-12 3.5E-12 7.2E-12 7.8E-12 2.0E-11 2.1E-11 4.3E-11
 9.2E-11 7.8E-11 2.2E-13 7.5E-13 1.4E-12 2.6E-12 3.7E-12 7.5E-12
 8.0E-12 2.0E-11 2.1E-11 4.3E-11 9.3E-11 7.8E-11 1.4E-13 4.5E-13
 9.1E-13 1.5E-12 2.7E-12 3.8E-12 7.7E-12 8.2E-12 2.0E-11 2.2E-11
 4.4E-11 9.3E-11 7.8E-11 8.5E-14 2.8E-13 5.4E-13 9.9E-13 1.6E-12
 2.9E-12 4.0E-12 7.9E-12 8.4E-12 2.1E-11 2.2E-11 4.4E-11 9.4E-11
 7.8E-11 2.5E-13 1.6E-13 3.4E-13 6.0E-13 1.1E-12 1.7E-12 3.0E-12
 4.1E-12 8.1E-12 8.5E-12 2.1E-11 2.2E-11 4.4E-11 9.4E-11 7.8E-11
 2.6E-14 9.2E-14 2.0E-13 3.8E-13 6.5E-13 1.1E-12 1.7E-12 3.1E-12
 4.2E-12 8.3E-12 8.7E-12 2.1E-11 2.2E-11 4.4E-11 9.5E-11 7.8E-11
 1.3E-13 5.0E-14 1.1E-13 2.3E-13 4.1E-13 6.8E-13 1.2E-12 1.8E-12
 3.2E-12 4.3E-12 8.5E-12 8.8E-12 2.1E-11 2.2E-11 4.5E-11 9.5E-11
 7.8E-11 7.6E-15 2.8E-14 6.6E-14 1.3E-13 2.4E-13 4.4E-13 7.2E-13
 1.2E-12 1.8E-12 3.2E-12 4.4E-12 8.6E-12 8.9E-12 2.2E-11 2.3E-11
 4.5E-11 9.5E-11 7.8E-11 9.7E-14 1.9E-14 3.8E-14 7.6E-14 1.4E-13
 2.6E-13 4.6E-13 7.4E-13 1.2E-12 1.9E-12 3.3E-12 4.5E-12 8.7E-12
 9.0E-12 2.2E-11 2.3E-11 4.5E-11 9.6E-11 7.8E-11 5.2E-15 1.4E-14
 2.5E-14 4.4E-14 8.2E-14 1.5E-13 2.7E-13 4.7E-13 7.6E-13 1.3E-12
 1.9E-12 3.4E-12 4.5E-12 8.8E-12 9.1E-12 2.2E-11 2.3E-11 4.5E-11
 9.6E-11 7.9E-11 7.9E-14 1.2E-14 1.9E-14 2.9E-14 4.8E-14 8.5E-14
 1.6E-13 2.8E-13 4.9E-13 7.8E-13 1.3E-12 2.0E-12 3.4E-12 4.6E-12
 8.9E-12 9.1E-12 2.2E-11 2.3E-11 4.5E-11 9.6E-11 7.9E-11 2.6E-15
 8.3E-15 1.5E-14 2.1E-14 3.0E-14 4.9E-14 8.9E-14 1.6E-13 2.9E-13
 5.0E-13 8.0E-13 1.3E-12 2.0E-12 3.5E-12 4.6E-12 9.0E-12 9.2E-12
 2.2E-11 2.3E-11 4.6E-11 9.6E-11 7.9E-11 6.7E-14 6.0E-15 1.1E-14
 1.6E-14 2.2E-14 3.1E-14 5.1E-14 9.3E-14 1.7E-13 3.0E-13 5.2E-13
 8.2E-13 1.4E-12 2.0E-12 3.5E-12 4.7E-12 9.1E-12 9.3E-12 2.2E-11
 2.3E-11 4.6E-11 9.6E-11 7.9E-11 1.4E-15 4.5E-15 6.5E-15 1.1E-14
 1.7E-14 2.3E-14 3.2E-14 5.3E-14 9.6E-14 1.7E-13 3.1E-13 5.3E-13
 8.4E-13 1.4E-12 2.1E-12 3.6E-12 4.7E-12 9.1E-12 9.3E-12 2.3E-11
 2.3E-11 4.6E-11 9.7E-11 7.9E-11 5.8E-14 2.1E-15 4.8E-15 7.2E-15
 1.2E-14 1.8E-14 2.4E-14 3.4E-14 5.5E-14 9.9E-14 1.8E-13 3.1E-13
 5.4E-13 8.5E-13 1.4E-12 2.1E-12 3.6E-12 4.8E-12 9.2E-12 9.4E-12
 2.3E-11 2.3E-11 4.6E-11 9.7E-11 7.9E-11
 3.3E-11 5.3E-11 7.2E-11 1.8E-11 8.5E-11 8.8E-11 9.3E-12 3.9E-11
 9.5E-11 9.2E-11 9.3E-12 1.8E-11 4.7E-11 1.0E-10 9.3E-11 3.1E-12
 1.9E-11 2.2E-11 5.1E-11 1.1E-10 9.3E-11 3.9E-12 7.2E-12 2.3E-11
 2.5E-11 5.3E-11 1.1E-10 9.2E-11 1.8E-12 8.2E-12 9.6E-12 2.6E-11
 2.7E-11 5.4E-11 1.1E-10 9.2E-11 1.7E-12 4.3E-12 1.0E-11 1.1E-11
 2.7E-11 2.8E-11 5.5E-11 1.1E-10 9.2E-11 1.1E-12 3.8E-12 5.7E-12
 1.2E-11 1.2E-11 2.8E-11 2.8E-11 5.5E-11 1.1E-10 9.2E-11 8.3E-13
 2.5E-12 4.9E-12 6.5E-12 1.2E-11 1.2E-11 2.9E-11 2.8E-11 5.6E-11
 1.1E-10 9.2E-11 6.2E-13 1.9E-12 3.3E-12 5.5E-12 6.8E-12 1.3E-11
 1.2E-11 2.9E-11 2.9E-11 5.6E-11 1.1E-10 9.2E-11 4.4E-13 1.4E-12
 2.4E-12 3.6E-12 5.8E-12 7.1E-12 1.3E-11 1.2E-11 3.0E-11 2.9E-11
 5.6E-11 1.1E-10 9.2E-11 3.2E-13 9.6E-13 1.8E-12 2.7E-12 3.9E-12
 6.1E-12 7.3E-12 1.3E-11 1.3E-11 3.0E-11 2.9E-11 5.7E-11 1.1E-10
 9.2E-11 4.2E-13 6.8E-13 1.2E-12 2.0E-12 2.9E-12 4.1E-12 6.3E-12
 7.5E-12 1.4E-11 1.3E-11 3.1E-11 2.9E-11 5.7E-11 1.2E-10 9.2E-11
 1.4E-13 4.4E-13 8.7E-13 1.4E-12 2.1E-12 3.0E-12 4.2E-12 6.4E-12
 7.6E-12 1.4E-11 1.3E-11 3.1E-11 3.0E-11 5.7E-11 1.2E-10 9.2E-11
 2.2E-13 3.1E-13 5.8E-13 1.0E-12 1.5E-12 2.2E-12 3.1E-12 4.3E-12
 6.6E-12 7.7E-12 1.4E-11 1.3E-11 3.1E-11 3.0E-11 5.8E-11 1.2E-10
 9.2E-11 6.7E-14 2.1E-13 4.2E-13 6.6E-13 1.1E-12 1.6E-12 2.3E-12
 3.2E-12 4.4E-12 6.7E-12 7.8E-12 1.4E-11 1.3E-11 3.2E-11 3.0E-11
 5.8E-11 1.2E-10 9.2E-11 1.5E-13 1.6E-13 2.7E-13 4.6E-13 7.0E-13
 1.1E-12 1.6E-12 2.4E-12 3.3E-12 4.5E-12 6.8E-12 8.0E-12 1.5E-11
 1.3E-11 3.2E-11 3.0E-11 5.8E-11 1.2E-10 9.2E-11 4.3E-14 1.1E-13
 2.0E-13 3.0E-13 4.9E-13 7.3E-13 1.2E-12 1.7E-12 2.5E-12 3.4E-12
 4.6E-12 7.0E-12 8.1E-12 1.5E-11 1.3E-11 3.2E-11 3.0E-11 5.8E-11
 1.2E-10 9.2E-11 1.1E-13 8.5E-14 1.4E-13 2.2E-13 3.2E-13 5.1E-13
 7.6E-13 1.2E-12 1.7E-12 2.5E-12 3.5E-12 4.7E-12 7.1E-12 8.2E-12
 1.5E-11 1.3E-11 3.2E-11 3.0E-11 5.9E-11 1.2E-10 9.2E-11 1.4E-14
 4.9E-14 1.0E-13 1.6E-13 2.3E-13 3.4E-13 5.3E-13 7.9E-13 1.2E-12
 1.8E-12 2.6E-12 3.5E-12 4.7E-12 7.1E-12 8.2E-12 1.5E-11 1.4E-11
 3.2E-11 3.1E-11 5.9E-11 1.2E-10 9.2E-11 7.8E-14 2.9E-14 6.1E-14
 1.1E-13 1.6E-13 2.5E-13 3.5E-13 5.5E-13 8.1E-13 1.3E-12 1.8E-12
 2.6E-12 3.6E-12 4.8E-12 7.2E-12 8.3E-12 1.5E-11 1.4E-11 3.3E-11
 3.1E-11 5.9E-11 1.2E-10 9.2E-11 5.1E-15 1.7E-14 3.2E-14 6.6E-14
 1.2E-13 1.7E-13 2.6E-13 3.7E-13 5.7E-13 8.4E-13 1.3E-12 1.8E-12
 2.7E-12 3.6E-12 4.9E-12 7.3E-12 8.4E-12 1.5E-11 1.4E-11 3.3E-11
 3.1E-11 5.9E-11 1.2E-10 9.3E-11 6.4E-14 7.5E-15 1.9E-14 3.6E-14
 7.1E-14 1.3E-13 1.8E-13 2.7E-13 3.8E-13 5.9E-13 8.6E-13 1.3E-12
 1.9E-12 2.7E-12 3.7E-12 4.9E-12 7.4E-12 8.5E-12 1.5E-11 1.4E-11
 3.3E-11 3.1E-11 5.9E-11 1.2E-10 9.3E-11
