12 11
    0.00000  1.6341531  4.9024558  9.8048151  16.3411445 24.5113156 34.3151728
 45.7525185 58.8231285 73.5267470 89.8630832 107.8318085
  1.0  3.0  5.0  7.0  9.0 11.0 13.0 15.0 17.0 19.0 21.0 23.0
  2  3  4  5  6  7  8  9 10 11 12
  1  2  3  4  5  6  7  8  9 10 11
 1.749E-06 1.679E-05 6.071E-05 1.492E-04 2.981E-04 5.229E-04 8.395E-04 1.263E-03
 1.810E-03 2.496E-03 3.336E-03
66 1  20.0
  2  3  3  4  4  4  5  5  5  5  6  6  6  6  6  7  7  7  7  7  7  8  8  8  8
  8  8  8  9  9  9  9  9  9  9  9 10 10 10 10 10 10 10 10 10 11 11 11 11 11
 11 11 11 11 11 12 12 12 12 12 12 12 12 12 12 12 
  1  1  2  1  2  3  1  2  3  4  1  2  3  4  5  1  2  3  4  5  6  1  2  3  4
  5  6  7  1  2  3  4  5  6  7  8  1  2  3  4  5  6  7  8  9  1  2  3  4  5
  6  7  8  9 10  1  2  3  4  5  6  7  8  9 10 11  
 2.2E-11 2.4E-11 3.5E-11 3.9E-12 4.0E-11 4.7E-11 2.8E-12 6.2E-12 
 4.7E-11 4.9E-11 4.5E-13 4.7E-12 8.0E-12 4.8E-11 4.0E-11 4.8E-13 
 1.5E-12 6.3E-12 9.4E-12 4.9E-11 4.5E-11 8.2E-13 1.2E-12 3.0E-12 
 7.4E-12 1.0E-11 5.2E-11 3.4E-11 1.8E-13 2.0E-12 2.2E-12 3.3E-12 
 9.2E-12 1.2E-11 5.3E-11 4.1E-11 6.2E-13 5.4E-13 2.2E-12 2.7E-12 
 2.9E-12 1.0E-11 1.2E-11 5.9E-11 4.0E-11 1.6E-13 1.1E-12 8.4E-13 
 2.4E-12 3.3E-12 3.3E-12 1.2E-11 1.3E-11 6.6E-11 4.2E-11 1.5E-13 
 3.6E-13 1.5E-12 9.9E-13 2.8E-12 3.9E-12 3.8E-12 1.4E-11 1.4E-11 
 7.5E-11 4.1E-11
