# file created on: Wed Feb 24 01:52:30 2010
#i d[i]    d[i+1]   d[i+1]pc N        Av 
1 0.00e+00 3.85e+12 1.25e-06 1.22e+18 1.30e-03 
2 3.851694e+12 7.886790e+12 2.555932e-06 2.494022e+18 2.667403e-03 
3 7.886790e+12 1.211402e+13 3.925883e-06 3.830789e+18 4.097101e-03 
4 1.211402e+13 1.654253e+13 5.361065e-06 5.231208e+18 5.594875e-03 
5 1.654253e+13 2.118191e+13 6.864584e-06 6.698308e+18 7.163966e-03 
6 2.118191e+13 2.604220e+13 8.439695e-06 8.235266e+18 8.807771e-03 
7 2.604220e+13 3.113391e+13 1.008981e-05 9.845407e+18 1.052985e-02 
8 3.113391e+13 3.646807e+13 1.181849e-05 1.153222e+19 1.233392e-02 
9 3.646807e+13 4.205622e+13 1.362948e-05 1.329934e+19 1.422390e-02 
10 4.205622e+13 4.791045e+13 1.552671e-05 1.515061e+19 1.620387e-02 
11 4.791045e+13 5.404344e+13 1.751427e-05 1.709004e+19 1.827811e-02 
12 5.404344e+13 6.046845e+13 1.959647e-05 1.912180e+19 2.045113e-02 
13 6.046845e+13 6.719939e+13 2.177782e-05 2.125031e+19 2.272761e-02 
14 6.719939e+13 7.425084e+13 2.406304e-05 2.348018e+19 2.511249e-02 
15 7.425084e+13 8.163804e+13 2.645707e-05 2.581622e+19 2.761093e-02 
16 8.163804e+13 8.937699e+13 2.896509e-05 2.826349e+19 3.022833e-02 
17 8.937699e+13 9.748444e+13 3.159253e-05 3.082729e+19 3.297036e-02 
18 9.748444e+13 1.059779e+14 3.434508e-05 3.351316e+19 3.584296e-02 
19 1.059779e+14 1.148758e+14 3.722870e-05 3.632693e+19 3.885233e-02 
20 1.148758e+14 1.241974e+14 4.024962e-05 3.927468e+19 4.200500e-02 
21 1.241974e+14 1.339629e+14 4.341438e-05 4.236278e+19 4.530779e-02 
22 1.339629e+14 1.441933e+14 4.672984e-05 4.559793e+19 4.876784e-02 
23 1.441933e+14 1.549109e+14 5.020316e-05 4.898712e+19 5.239265e-02 
24 1.549109e+14 1.661388e+14 5.384187e-05 5.253770e+19 5.619005e-02 
25 1.661388e+14 1.779013e+14 5.765384e-05 5.625733e+19 6.016827e-02 
26 1.779013e+14 1.902239e+14 6.164732e-05 6.015408e+19 6.433591e-02 
27 1.902239e+14 2.031332e+14 6.583095e-05 6.423637e+19 6.870200e-02 
28 2.031332e+14 2.166573e+14 7.021379e-05 6.851305e+19 7.327599e-02 
29 2.166573e+14 2.308253e+14 7.480532e-05 7.299336e+19 7.806777e-02 
30 2.308253e+14 2.456679e+14 7.961548e-05 7.768701e+19 8.308771e-02 
31 2.456679e+14 2.612172e+14 8.465468e-05 8.260415e+19 8.834668e-02 
32 2.612172e+14 2.775070e+14 8.993382e-05 8.775542e+19 9.385606e-02 
33 2.775070e+14 2.945724e+14 9.546434e-05 9.315197e+19 9.962778e-02 
34 2.945724e+14 3.124504e+14 1.012582e-04 9.880548e+19 1.056743e-01 
35 3.124504e+14 3.311796e+14 1.073279e-04 1.047282e+20 1.120088e-01 
36 3.311796e+14 3.508007e+14 1.136867e-04 1.109329e+20 1.186448e-01 
37 3.508007e+14 3.713560e+14 1.203482e-04 1.174331e+20 1.255969e-01 
38 3.713560e+14 3.928901e+14 1.273269e-04 1.242428e+20 1.328800e-01 
39 3.928901e+14 4.154496e+14 1.346379e-04 1.313767e+20 1.405098e-01 
40 4.154496e+14 4.390832e+14 1.422971e-04 1.388503e+20 1.485030e-01 
41 4.390832e+14 4.638422e+14 1.503209e-04 1.466798e+20 1.568768e-01 
42 4.638422e+14 4.897801e+14 1.587268e-04 1.548821e+20 1.656493e-01 
43 4.897801e+14 5.169530e+14 1.675329e-04 1.634749e+20 1.748395e-01 
44 5.169530e+14 5.454198e+14 1.767584e-04 1.724769e+20 1.844673e-01 
45 5.454198e+14 5.752421e+14 1.864231e-04 1.819075e+20 1.945535e-01 
46 5.752421e+14 6.064844e+14 1.965480e-04 1.917872e+20 2.051200e-01 
47 6.064844e+14 6.392143e+14 2.071551e-04 2.021373e+20 2.161896e-01 
48 6.392143e+14 6.735026e+14 2.182672e-04 2.129802e+20 2.277863e-01 
49 6.735026e+14 7.094236e+14 2.299084e-04 2.243395e+20 2.399352e-01 
50 7.094236e+14 7.470551e+14 2.421039e-04 2.362396e+20 2.526626e-01 
51 7.470551e+14 7.864784e+14 2.548801e-04 2.487063e+20 2.659960e-01 
52 7.864784e+14 8.277788e+14 2.682646e-04 2.617666e+20 2.799643e-01 
53 8.277788e+14 8.710458e+14 2.822865e-04 2.754489e+20 2.945977e-01 
54 8.710458e+14 9.163730e+14 2.969760e-04 2.897826e+20 3.099279e-01 
55 9.163730e+14 9.638585e+14 3.123650e-04 3.047988e+20 3.259880e-01 
56 9.638585e+14 1.013605e+15 3.284868e-04 3.205301e+20 3.428129e-01 
57 1.013605e+15 1.065720e+15 3.453762e-04 3.370104e+20 3.604389e-01 
58 1.065720e+15 1.120317e+15 3.630698e-04 3.542754e+20 3.789041e-01 
59 1.120317e+15 1.177514e+15 3.816058e-04 3.723625e+20 3.982486e-01 
60 1.177514e+15 1.237433e+15 4.010245e-04 3.913108e+20 4.185142e-01 
61 1.237433e+15 1.300206e+15 4.213679e-04 4.111614e+20 4.397448e-01 
62 1.300206e+15 1.365968e+15 4.426799e-04 4.319571e+20 4.619862e-01 
63 1.365968e+15 1.434862e+15 4.650067e-04 4.537431e+20 4.852868e-01 
64 1.434862e+15 1.507035e+15 4.883965e-04 4.765665e+20 5.096967e-01 
65 1.507035e+15 1.582646e+15 5.129002e-04 5.004765e+20 5.352690e-01 
66 1.582646e+15 1.661856e+15 5.385705e-04 5.255251e+20 5.620589e-01 
67 1.661856e+15 1.744839e+15 5.654632e-04 5.517664e+20 5.901245e-01 
68 1.744839e+15 1.831772e+15 5.936364e-04 5.792572e+20 6.195264e-01 
69 1.831772e+15 1.922845e+15 6.231511e-04 6.080570e+20 6.503283e-01 
70 1.922845e+15 2.018254e+15 6.540712e-04 6.382281e+20 6.825969e-01 
71 2.018254e+15 2.118207e+15 6.864635e-04 6.698358e+20 7.164019e-01 
72 2.118207e+15 2.222918e+15 7.203982e-04 7.029485e+20 7.518166e-01 
73 2.222918e+15 2.332616e+15 7.559488e-04 7.376380e+20 7.889176e-01 
74 2.332616e+15 2.447537e+15 7.931921e-04 7.739792e+20 8.277852e-01 
75 2.447537e+15 2.567930e+15 8.322088e-04 8.120508e+20 8.685035e-01 
76 2.567930e+15 2.694056e+15 8.730833e-04 8.519352e+20 9.111607e-01 
77 2.694056e+15 2.826187e+15 9.159041e-04 8.937188e+20 9.558489e-01 
78 2.826187e+15 2.964610e+15 9.607638e-04 9.374919e+20 1.002665e+00 
79 2.964610e+15 3.109623e+15 1.007760e-03 9.833493e+20 1.051710e+00 
80 3.109623e+15 3.261542e+15 1.056993e-03 1.031390e+21 1.103091e+00 
81 3.261542e+15 3.420695e+15 1.108571e-03 1.081719e+21 1.156918e+00 
82 3.420695e+15 3.587425e+15 1.162604e-03 1.134443e+21 1.213309e+00 
83 3.587425e+15 3.762095e+15 1.219211e-03 1.189679e+21 1.272384e+00 
84 3.762095e+15 3.945082e+15 1.278513e-03 1.247544e+21 1.334272e+00 
85 3.945082e+15 4.136781e+15 1.340638e-03 1.308165e+21 1.399107e+00 
86 4.136781e+15 4.337609e+15 1.405722e-03 1.371672e+21 1.467029e+00 
87 4.337609e+15 4.547999e+15 1.473905e-03 1.438204e+21 1.538186e+00 
88 4.547999e+15 4.768407e+15 1.545334e-03 1.507903e+21 1.612730e+00 
89 4.768407e+15 4.999310e+15 1.620165e-03 1.580921e+21 1.690824e+00 
90 4.999310e+15 5.241208e+15 1.698558e-03 1.657415e+21 1.772637e+00 
91 5.241208e+15 5.494624e+15 1.780685e-03 1.737553e+21 1.858345e+00 
92 5.494624e+15 5.760106e+15 1.866722e-03 1.821505e+21 1.948134e+00 
93 5.760106e+15 6.038229e+15 1.956855e-03 1.909456e+21 2.042199e+00 
94 6.038229e+15 6.329596e+15 2.051281e-03 2.001594e+21 2.140742e+00 
95 6.329596e+15 6.634836e+15 2.150202e-03 2.098119e+21 2.243978e+00 
96 6.634836e+15 6.954611e+15 2.253834e-03 2.199241e+21 2.352129e+00 
97 6.954611e+15 7.289611e+15 2.362400e-03 2.305178e+21 2.465430e+00 
98 7.289611e+15 7.640563e+15 2.476136e-03 2.416158e+21 2.584126e+00 
99 7.640563e+15 8.008226e+15 2.595287e-03 2.532423e+21 2.708474e+00 
100 8.008226e+15 8.393396e+15 2.720112e-03 2.654225e+21 2.838743e+00 
101 8.393396e+15 8.796905e+15 2.850881e-03 2.781826e+21 2.975215e+00 
102 8.796905e+15 9.219628e+15 2.987876e-03 2.915502e+21 3.118184e+00 
103 9.219628e+15 9.662479e+15 3.131394e-03 3.055544e+21 3.267962e+00 
104 9.662479e+15 1.012642e+16 3.281746e-03 3.202254e+21 3.424871e+00 
105 1.012642e+16 1.061245e+16 3.439257e-03 3.355950e+21 3.589251e+00 
106 1.061245e+16 1.112162e+16 3.604268e-03 3.516964e+21 3.761459e+00 
107 1.112162e+16 1.165503e+16 3.777136e-03 3.685645e+21 3.941866e+00 
108 1.165503e+16 1.221385e+16 3.958235e-03 3.862358e+21 4.130864e+00 
109 1.221385e+16 1.279927e+16 4.147958e-03 4.047485e+21 4.328861e+00 
110 1.279927e+16 1.341257e+16 4.346714e-03 4.241427e+21 4.536286e+00 
111 1.341257e+16 1.405507e+16 4.554935e-03 4.444604e+21 4.753587e+00 
112 1.405507e+16 1.472817e+16 4.773070e-03 4.657455e+21 4.981235e+00 
113 1.472817e+16 1.543331e+16 5.001591e-03 4.880441e+21 5.219723e+00 
114 1.543331e+16 1.617203e+16 5.240994e-03 5.114045e+21 5.469567e+00 
115 1.617203e+16 1.694593e+16 5.491796e-03 5.358772e+21 5.731307e+00 
116 1.694593e+16 1.775667e+16 5.754540e-03 5.615152e+21 6.005510e+00 
117 1.775667e+16 1.860602e+16 6.029795e-03 5.883740e+21 6.292770e+00 
118 1.860602e+16 1.949581e+16 6.318157e-03 6.165117e+21 6.593708e+00 
119 1.949581e+16 2.042797e+16 6.620249e-03 6.459891e+21 6.908975e+00 
120 2.042797e+16 2.140451e+16 6.936725e-03 6.768702e+21 7.239253e+00 
121 2.140451e+16 2.242756e+16 7.268271e-03 7.092217e+21 7.585259e+00 
122 2.242756e+16 2.349932e+16 7.615603e-03 7.431136e+21 7.947739e+00 
123 2.349932e+16 2.462210e+16 7.979474e-03 7.786193e+21 8.327479e+00 
124 2.462210e+16 2.579836e+16 8.360671e-03 8.158157e+21 8.725301e+00 
125 2.579836e+16 2.703062e+16 8.760019e-03 8.547831e+21 9.142066e+00 
126 2.703062e+16 2.832155e+16 9.178382e-03 8.956061e+21 9.578675e+00 
127 2.832155e+16 2.967395e+16 9.616666e-03 9.383728e+21 1.003607e+01 
128 2.967395e+16 3.109075e+16 1.007582e-02 9.831760e+21 1.051525e+01 
129 3.109075e+16 3.257502e+16 1.055684e-02 1.030112e+22 1.101725e+01 
130 3.257502e+16 3.412995e+16 1.106076e-02 1.079284e+22 1.154314e+01 
131 3.412995e+16 3.575893e+16 1.158867e-02 1.130797e+22 1.209408e+01 
132 3.575893e+16 3.746547e+16 1.214172e-02 1.184762e+22 1.267125e+01 
133 3.746547e+16 3.925326e+16 1.272111e-02 1.241297e+22 1.327591e+01 
134 3.925326e+16 4.112619e+16 1.332808e-02 1.300524e+22 1.390935e+01 
135 4.112619e+16 4.308830e+16 1.396395e-02 1.362572e+22 1.457296e+01 
136 4.308830e+16 4.514383e+16 1.463011e-02 1.427573e+22 1.526816e+01 
137 4.514383e+16 4.729724e+16 1.532798e-02 1.495670e+22 1.599647e+01 
138 4.729724e+16 4.955318e+16 1.605908e-02 1.567009e+22 1.675946e+01 
139 4.955318e+16 5.191655e+16 1.682499e-02 1.641745e+22 1.755877e+01 
140 5.191655e+16 5.439244e+16 1.762738e-02 1.720040e+22 1.839615e+01 
