0.000000e+00 1.000000e+00 
1.000000e-01 9.610099e-01 
2.000000e-01 9.237703e-01 
3.000000e-01 8.881980e-01 
4.000000e-01 8.542138e-01 
5.000000e-01 8.217424e-01 
6.000000e-01 7.907121e-01 
7.000000e-01 7.610549e-01 
8.000000e-01 7.327060e-01 
9.000000e-01 7.056037e-01 
1.000000e-00 6.796895e-01 
1.100000e+00 6.549077e-01 
1.200000e+00 6.312050e-01 
1.300000e+00 6.085312e-01 
1.400000e+00 5.868382e-01 
1.500000e+00 5.660803e-01 
1.600000e+00 5.462141e-01 
1.700000e+00 5.271981e-01 
1.800000e+00 5.089931e-01 
1.900000e+00 4.915615e-01 
2.000000e+00 4.748677e-01 
2.100000e+00 4.588778e-01 
2.200000e+00 4.435594e-01 
2.300000e+00 4.288818e-01 
2.400000e+00 4.148157e-01 
2.500000e+00 4.013332e-01 
2.600000e+00 3.884077e-01 
2.700000e+00 3.760140e-01 
2.800000e+00 3.641280e-01 
2.900000e+00 3.527268e-01 
3.000000e+00 3.417884e-01 
3.100000e+00 3.312922e-01 
3.200000e+00 3.212183e-01 
3.300000e+00 3.115477e-01 
3.400000e+00 3.022626e-01 
3.500000e+00 2.933457e-01 
3.600000e+00 2.847807e-01 
3.700000e+00 2.765521e-01 
3.800000e+00 2.686450e-01 
3.900000e+00 2.610453e-01 
4.000000e+00 2.537394e-01 
4.100000e+00 2.467146e-01 
4.200000e+00 2.399585e-01 
4.300000e+00 2.334595e-01 
4.400000e+00 2.272065e-01 
4.500000e+00 2.211888e-01 
4.600000e+00 2.153962e-01 
4.700000e+00 2.098191e-01 
4.800000e+00 2.044484e-01 
4.900000e+00 1.992751e-01 
5.000000e+00 1.942909e-01 
5.100000e+00 1.894878e-01 
5.200000e+00 1.848580e-01 
5.300000e+00 1.803945e-01 
5.400000e+00 1.760900e-01 
5.500000e+00 1.719381e-01 
5.600000e+00 1.679324e-01 
5.700000e+00 1.640667e-01 
5.800000e+00 1.603354e-01 
5.900000e+00 1.567328e-01 
6.000000e+00 1.532538e-01 
6.100000e+00 1.498932e-01 
6.200000e+00 1.466462e-01 
6.300000e+00 1.435083e-01 
6.400000e+00 1.404750e-01 
6.500000e+00 1.375421e-01 
6.600000e+00 1.347056e-01 
6.700000e+00 1.319617e-01 
6.800000e+00 1.293067e-01 
6.900000e+00 1.267370e-01 
7.000000e+00 1.242494e-01 
7.100000e+00 1.218406e-01 
7.200000e+00 1.195075e-01 
7.300000e+00 1.172472e-01 
7.400000e+00 1.150569e-01 
7.500000e+00 1.129339e-01 
7.600000e+00 1.108756e-01 
7.700000e+00 1.088796e-01 
7.800000e+00 1.069435e-01 
7.900000e+00 1.050650e-01 
8.000000e+00 1.032419e-01 
8.100000e+00 1.014723e-01 
8.200000e+00 9.975406e-02 
8.300000e+00 9.808536e-02 
8.400000e+00 9.646434e-02 
8.500000e+00 9.488928e-02 
8.600000e+00 9.335850e-02 
8.700000e+00 9.187039e-02 
8.800000e+00 9.042342e-02 
8.900000e+00 8.901611e-02 
9.000000e+00 8.764706e-02 
9.100000e+00 8.631490e-02 
9.200000e+00 8.501834e-02 
9.300000e+00 8.375614e-02 
9.400000e+00 8.252709e-02 
9.500000e+00 8.133005e-02 
9.600000e+00 8.016392e-02 
9.700000e+00 7.902763e-02 
9.800000e+00 7.792018e-02 
9.900000e+00 7.684059e-02 
1.000000e+01 7.578792e-02 
