42
43
44
45
46
47
48
49
50
51
52
53
54
55
56
57
516
518
519
521
523
525
527
528
530
532
533
534
536
539
540
541
542
544
546
548
550
552
553
555
557
566
567
568
569
572
573
574
575
576
577
578
579
580
581
582
584
585
586
587
588
589
590
591
592
593
594
595
596
597
598
599
600
601
602
603
604
605
606
607
608
609
610
611
612
613
614
615
2607
2727
3652
3653
3686
3687
3688
3689
3690
3691
3692
3693
3694
3695
3696
3697
3698
3699
3700
3701
3702
3918
3919
3920
3921
4060
4068
4069
4070
4071
4072
4073
4074
4090
4091
4092
4093
4094
4115
