72 11 459 
10 1 2 3 4 27 29 34 36 42 66
0.0e0  1.0  1.0e-1  3.0e-4  5.0e-4  1.3e-6
7.9e-7	 2.5e-7  7.9e-6  1.0e-4  1.0e-7    
1      0  1  0  0  0  0  0  0  0  0  0
2      0  0  1  0  0  0  0  0  0  0  0
3      0  0  0  1  0  0  0  0  0  0  0
4      0  0  0  0  1  0  0  0  0  0  0
5      0  2  0  0  0  0  0  0  0  0  0
6      0  0  0  0  2  0  0  0  0  0  0
7      0  1  0  0  1  0  0  0  0  0  0
8      0  0  0  1  1  0  0  0  0  0  0
9      0  2  0  0  1  0  0  0  0  0  0
10    -1  0  0  0  0  0  0  0  0  0  0
11     1  1  0  0  0  0  0  0  0  0  0
12     1  0  1  0  0  0  0  0  0  0  0
13     1  0  0  1  0  0  0  0  0  0  0
14     1  0  0  0  1  0  0  0  0  0  0
15     1  1  0  0  1  0  0  0  0  0  0
16     1  0  0  1  1  0  0  0  0  0  0
17     1  2  0  0  1  0  0  0  0  0  0
18     1  1  0  1  1  0  0  0  0  0  0
19     1  3  0  0  1  0  0  0  0  0  0
20     1  2  0  0  0  0  0  0  0  0  0
21     1  3  0  0  0  0  0  0  0  0  0
22     1  1  0  1  0  0  0  0  0  0  0
23     1  2  0  1  0  0  0  0  0  0  0
24     1  3  0  1  0  0  0  0  0  0  0
25     0  1  0  1  0  0  0  0  0  0  0
26     0  2  0  1  0  0  0  0  0  0  0
27     0  0  0  0  0  1  0  0  0  0  0
28     1  0  0  0  0  1  0  0  0  0  0
29     0  0  0  0  0  0  1  0  0  0  0
30     1  0  0  0  0  0  1  0  0  0  0
31     1  2  0  0  0  0  1  0  0  0  0
32     0  1  0  0  0  0  1  0  0  0  0
33     0  0  0  0  1  0  1  0  0  0  0
34     0  0  0  0  0  0  0  1  0  0  0
35     1  0  0  0  0  0  0  1  0  0  0
36     0  0  0  0  0  0  0  0  1  0  0
37     1  0  0  0  0  0  0  0  1  0  0
38     1  0  0  0  1  0  1  0  0  0  0
39     1  1  0  0  1  0  1  0  0  0  0
40     0  2  0  0  0  0  0  0  0  0  0
41    -1  1  0  0  0  0  0  0  0  0  0
42     0  0  0  0  0  0  0  0  0  1  0
43     1  0  0  0  0  0  0  0  0  1  0
44     0  0  0  1  0  0  0  0  0  1  0
45     0  1  0  1  0  0  0  0  0  1  0
46     0  1  0  1  0  0  0  0  0  1  0
47     0  2  0  0  0  0  0  0  0  1  0
48     0  1  0  0  0  0  0  0  0  1  0
49     1  2  0  0  0  0  0  0  0  1  0
50     0  3  0  0  0  0  0  0  0  1  0
51     1  3  0  0  0  0  0  0  0  1  0
52     0  0  0  0  1  0  0  0  0  1  0
53     1  0  0  0  1  0  0  0  0  1  0
54     0  0  0  0  0  0  0  0  0  2  0
55     1  1  0  0  0  0  0  0  0  1  0
56     1  4  0  0  0  0  0  0  0  1  0
57     1  0  0  1  0  0  0  0  0  1  0
58     1  1  0  1  0  0  0  0  0  1  0
59     1  2  0  1  0  0  0  0  0  1  0
60     1  0  0  0  0  0  0  0  0  2  0
61     1  1  0  0  0  0  0  0  0  2  0
62     1  1  0  0  1  0  0  0  0  1  0
63     1  2  0  1  0  0  0  0  0  1  0
64     1  0  0  2  0  0  0  0  0  1  0
65    -1  0  0  0  0  0  0  0  0  0  1
66     0  0  0  0  0  0  0  0  0  0  1
67     1  0  0  0  0  0  0  0  0  0  1
68     0  1  0  1  1  0  0  0  0  0  0
69     0  3  0  1  0  0  0  0  0  0  0
70     0  4  0  1  0  0  0  0  0  0  0
71     1  4  0  1  0  0  0  0  0  0  0
72     1  5  0  1  0  0  0  0  0  0  0
1	3	0	13	10	0	0	3.0e-10		0.0      3.0	1
2	27	0	28	10	0	0	7.9e-11		0.0      1.7	1
3	36	0	37	10	0	0	5.9e-10		0.0      2.6	1
4	29	0	30	10	0	0	3.1e-9		0.0      1.9	1
5	34	0	35	10	0	0	2.8e-10		0.0      1.9	1  
6	25	0	22	10	0	0	7.6e-10		0.0      2.8	1  
7	25	0	3	1	0	0	8.6e-10		0.0      1.2	1
8	26	0	25	1	0	0	7.2e-10		0.0      1.7	1 
9	26	0	23	10	0	0	1.0e-9		0.0      2.3	1     
10	22	0	13	1	0 	0	2.5e-10		0.0      2.5	1     
11	23	0	22	1	0	0	1.7e-9		0.0      1.7	1     
12	24	0	23	1	0	0	1.0e-9		0.0      1.7	1 
13	24	0	22	5	0	0	1.0e-9		0.0      1.7	1
14	20	0	1	11	0	0	5.7e-10		0.0      1.9	1
15	21	0	20	1	0	0	5.0e-13		0.0      2.3	1
16	21	0	5	11	0	0	5.0e-13		0.0      1.8	1
17	5	0	1	1	0	0	3.4e-11        	0.0      2.5	1
18	6	0	4	4	0	0	6.9e-10		0.0      1.8	1
19	7	0	4	1	0	0	3.5e-10		0.0      1.7	1
20	8	0	3	4	0	0	2.0e-10		0.0      2.5	1
21	9	0	7	1	0	0	5.9e-10		0.0      1.7	1  
22	9	0	17	10	0	0	3.3e-11		0.0      3.9	1     
23	33	0	29	4	0	0	1.0e-10		0.0      2.3	1
24	54	0	42	42	0	0	2.3e-10		0.0      3.8	1
25	44	0	3	42	0	0	1.1e-9         	0.0      3.1	1
26	45	0	44	1	0	0	1.3e-9		0.0      2.1	1
27	46	0	44	1	0	0	1.5e-09        	0.0	 2.1	1
28	48	0	42	1	0	0	5.0e-10		0.0      2.0	1 
29	55	0	43	1	0	0	5.4e-10        	0.0      1.4	1
30	47	0	48	1	0	0	3.9e-10        	0.0      1.6	1
31	47	0	49	10	0	0	1.73e-10       	0.0      2.6	1
32	50	0	47	1	0	0	1.1e-9        	0.0      1.8	1
33	50	0	48	5	0	0	3.3e-10      	0.0      1.8	1
34	50	0	51	10	0	0	1.8e-10       	0.0      2.7	1 
35	52	0	53	10	0	0	2.6e-10       	0.0      2.3	1
36	52	0	42	4	0	0	4.3e-10       	0.0      1.7	1
37	70	0	69	1	0	0	2.2e-10       	0.0	 2.2	1 
38	70	0	26	5	0	0	9.8e-10       	0.0	 2.2	1 
39	70	0	25	5	1	0	2.2e-10       	0.0	 2.2	1 
40	69	0	24	10	0	0	1.0e-10       	0.0      2.1	1 
41	69	0	26	1	0	0	2.5e-10       	0.0	 1.9    1 
42	69	0	25	5	0	0	2.5e-10       	0.0      1.9	1
43	68	0	18	10	0	0	5.6e-10       	0.0	 2.1	1	 
44	68	0	8	1	0	0	1.1e-9        	0.0      0.8	1 
45	11	1	20	0	0	0	5.13e-19	1.85	 0.0	2
46	11	25	22	1	0	0	1.9e-9		0.0      0.0	2
47	11	7	15	1	0	0	2.1e-9		0.0      0.0	2
48	11	9	17	1	0	0	6.9e-9		0.0      0.0	2
49	11	26	22	5	0	0	1.4e-9		0.0      0.0	2
50	11	26	23	1	0	0	1.4e-9		0.0      0.0	2
51	11	69	24	1	0	0	3.4e-9         	0.0      0.0	2
52	11	46	11	45	0	0	1.0e-9         	0.0      0.0	2
53	11	45	11	46	0	0	1.0e-9         	0.0      7.9e3	2
54	11	45	58	1	0	0	1.05e-8        	0.0      0.0	2
55	11	48	55	1	0	0	2.1e-9         	0.0      0.0	2
56	11	47	49	1	0	0	2.9e-9         	0.0      0.0	2
57	11	50	51	1	0	0	1.1e-9         	0.0      0.0	2
58	11	44	57	1	0	0	2.1e-9         	0.0      6.2e3	2
59	11	52	53	1	0	0	2.9e-9         	0.0      0.0    2
60	11	68	18	1	0	0	9.4e-10        	0.0      0.0    2
61	11	68	8	20	0	0	9.4e-10        	0.0      0.0	2
62	11	68	16	5	0	0	9.4e-10        	0.0      0.0	2
63	11	33	38	1	0	0	3.3e-9 	       	0.0      0.0	2
64	11	70	71	1	0	0	1.5e-9         	0.0      0.0	2
65	11	70	24	5	0	0	2.3e-9         	0.0      0.0	2
66	12	1	11	2	0	0	4.85e-15	0.18     0.0	2
67	12	5	11	1	2	0	3.70e-14	0.0      3.5e1	2
68	12	5	2	20	0	0	7.20e-15	0.0      0.0	2
69	12	6	14	4	2	0	1.0e-9		0.0      0.0	2
70	12	8	13	4	2	0	1.6e-9		0.0      0.0	2
71	12	25	13	1	2	0	1.1e-9		0.0      0.0	2
72	12	25	22	2	0	0	5.0e-10		0.0      0.0	2
73	12	26	22	1	2	0	7.5e-10		0.0      0.0	2
74	12	26	13	5	2	0	7.5e-10		0.0      0.0	2
75	12	9	15	1	2	0	2.86e-10	0.0      0.0	2
76	12	9	7	11	2	0	2.04e-10	0.0      0.0	2
77	12	9	17	2	0	0	6.05e-11	0.0      0.0	2
78	12	7	14	1	2	0	1.10e-9		0.0      0.0	2
79	12	48	43	1	2	0	1.1e-9         	0.0      0.0	2
80	12	47	55	1	2	0	8.0e-10		0.0      0.0	2
81	12	47	43	5	2	0	8.0e-10        	0.0      0.0	2
82	12	50	51	2	0	0	2.64e-10        0.0      0.0	2
83	12	50	49	1	2	0	1.76e-9         0.0      0.0	2
84	12	50	55	5	2	0	1.76e-9         0.0      0.0	2
85	12	44	13	42	2	0	8.8e-10         0.0      0.0	2
86	12	44	43	3	2	0	8.8e-10         0.0      0.0	2
87	12	45	57	1	2	0	1.46e-9         0.0      0.0	2
88	12	45	22	42	2	0	6.51e-10        0.0      0.0	2
89	12	45 	13	42	2	1	7.75e-10        0.0      0.0	2
90	12	45	43	25	2	0	2.17e-10	0.0      0.0	2
91	12	46	57	1	2	0	5.0e-10         0.0      0.0	2
92	12	46	13	42	2	1	5.0e-10         0.0      0.0	2
93	12	46	55	3	2	0	5.0e-10         0.0      0.0	2
94	12	54	43	42	2	0	9.6e-10         0.0      0.0	2
95	12	54	60	2	0	0	6.4e-10         0.0      0.0	2
96	12	52	43	4	2	0	1.4e-9          0.0      0.0	2
97	12	52	14	42	2	0	2.0e-10         0.0      0.0	2
98	12	70	71	2	0	0	5.1e-11		0.0	 0.0	2
99	13	6	14	8	0	0	6.20e-10	0.0      0.0	2
100	13	6	16	4	0	0	3.80e-10	0.0      0.0	2
101	13	7	16	1	0	0	7.7e-10		0.0      0.0	2
102	13	9	18	1	0	0	9.00e-10	0.0      0.0	2
103	13	25	22	3	0	0	3.8e-10		0.0      0.0	2
104	13	26	23	3	0	0	5.2e-10		0.0      0.0	2
105	13	33	30	8	0	0	5.4e-10		0.0      0.0	2
106	13	33	38	3	0	0	5.4e-10		0.0      0.0	2
107	13	48	57	1	0	0	7.8e-10        	0.0      0.0	2
108	13	47	58	1	0	0	1.1e-9         	0.0      0.0	2
109	13	50	51	3	0	0	5.06e-10       	0.0      0.0	2
110	13	50	63	1	0	0	1.75e-9        	0.0      0.0	2
111	13	50	58	5	0	0	7.0e-11        	0.0      0.0	2
112	13	45	64	1	0	0	3.1e-9         	0.0      0.0	2
113	13	46	64	1	0	0	3.1e-9         	0.0      0.0	2
114	13	52	53	3	0	0	5.2e-10        	0.0      0.0	2
115	13	68	8	22	0	0	4.8e-10        	0.0      0.0	2
116	13	68	18	3	0	0	4.8e-10        	0.0      0.0	2
117	14	1	4	11	0	0	5.66e-10	0.36     -8.6	2
118	14	5	15	1	0	0	1.70e-9		0.0      0.0	2
119	15	5	17	1	0	0	1.01e-9		0.0      0.0	2
120	16	1	8	11	0	0	7.5e-10		0.0      0.0	2
121	16	5	18	1	0	0	1.8e-9		0.0      0.0	2
122	17	5	19	1	0	0	6.4e-10		0.0	 0.0	2
123	18	3	22	8	0	0	1.1e-9		0.0	 0.0	2
124	18	25	23	8	0	0	6.3e-10		0.0	 0.0	2
125	18	7	17	8	0	0	6.2e-10		0.0	 0.0	2
126	18	26	24	8	0	0	8.6e-10		0.0	 0.0	2
127	18	9	19	8	0	0	2.5e-9		0.0	 0.0	2
128	18	48	49	8	0	0	6.4e-10        	0.0      0.0	2	
129	18	47	51	8	0	0	8.9e-10        	0.0	 0.0	2
130	18	50	56	8	0	0	2.2e-9         	0.0      0.0	2
131	18	45	59	8	0	0	3.1e-9         	0.0      0.0	2
132	18	46	59	8	0	0	3.1e-9         	0.0	 0.0	2
133	18	54	61	8	0	0	8.8e-10        	0.0      1.1e4	2
134	18	34	68	35	0	0	1.9e-9         	0.0      0.0	2
135	18	27	68	28	0	0	2.9e-9         	0.0	 0.0	2
136	19	3	18	5	0	0	1.0e-11		0.0	 0.0	2
137	19	25	23	9	0	0	6.8e-10		0.0	 0.0	2
138	19	26	24	9	0	0	9.4e-10		0.0	 0.0	2
139	19	50	56	9	0	0	2.2e-9         	0.0	 0.0	2
140	19	47	51	9	0	0	9.7e-10        	0.0	 0.0	2
141	19	45	59	9	0	0	4.0e-9         	0.0	 0.0	2
142	19	46	59	9	0	0	4.0e-9		0.0	 0.0	2
143	19	33	39	9	0	0	2.0e-8         	0.0	 0.0	2
144	20	1	11	5	0	0	6.4e-10		0.0	 0.0	2
145	20	5	21	1	0	0	2.08e-9		0.0	 0.0	2
146	21	3	22	5	0	0	2.0e-9		0.0	 0.0	2
147	21	4	15	5	0	0	8.0e-10		0.0	 0.0	2
148	21	25	23	5	0	0	1.2e-9		0.0	 0.0	2
149	21	7	17	5	0	0	1.3e-9		0.0	 0.0	2
150	21	8	18	5	0	0	1.7e-9		0.0	 0.0	2
151	21	9	19	5	0	0	5.9e-9		0.0	 0.0	2
152	21	26	24	5	0	0	1.7e-9		0.0	 0.0	2
153	21	42	49	1	0	0	1.0e-9        	0.0      1.2e5	2
154	21	48	49	5	0	0	1.3e-9		0.0      0.0	2
155	21	47	51	5	0	0	1.8e-9         	0.0	 0.0	2
156	21	50	56	5	0	0	2.7e-9         	0.0	 0.0	2
157	21	44	58	5	0	0	2.0e-9         	0.0	 0.0	2
158	21	45	59	5	0	0	8.1e-9		0.0	 0.0	2
159	21	46	59	5	0	0	8.1e-9         	0.0	 0.0	2
160	21	54	61	5	0	0	1.8e-9         	0.0	 0.0	2
161	21	52	62	5	0	0	1.1e-9		0.0	 0.0	2
162	21	69	71	5	0	0	2.1e-9		0.0	 0.0	2
163	21	70	72	5	0	0	2.4e-9         	0.0	 0.0	2
164	22	1	13	5	0	0	7.5e-10		0.0	 0.0	2
165	22	5	23	1	0	0	1.2e-9		0.0	 0.0	2
166	22	4	16	1	0	0	3.5e-10		0.0	 0.0	2
167	23	1	22	5	0	0	1.0e-9         	0.0	 7.08e3	2
168	23	4	18	1	0	0	7.5e-10		0.0	 0.0	2
169	23	5	24	1	0	0	1.6e-9		0.0	 0.0	2
170	23	42	58	1	0	0	2.2e-10		0.0	 0.0	2
171	24	42	63	1	0	0	6.7e-11		0.0	 0.0	2
172	24	48	59	5	0	0	7.4e-10		0.0	 0.0	2
173	24	1	23	5	0	0	7.0e-10		0.0	 1.06e4	2
174	24	4	18	5	0	0	4.0e-10		0.0	 0.0	2
175	24	34	35	69	0	0	2.4e-9		0.0	 0.0	2
176	24	27	28	69	0	0	3.5e-9		0.0	 0.0	2
177	24	5	72	0	0	0	1.3e-14		-1.0	 0.0	2
178	71	8	18	69	0	0	1.4e-9		0.0	 0.0	2
179	71	9	19	69	0	0	2.6e-9		0.0	 0.0	2
180	71	4	24	7	0	0	1.0e-9		0.0	 0.0	2
181	71	1	24	5	0	0	1.0e-11		0.0	 0.0	2
182	71	5	72	1	0	0	3.3e-11		0.0	 0.0	2
183	72	8	70	18	0	0	1.0e-9		0.0	 0.0	2
184	72	45	59	70	0	0	1.2e-9		0.0	 0.0	2
185	72	46	59	70	0	0	1.2e-9		0.0	 0.0	2
186	72	9	19	70	0	0	3.7e-9		0.0	 0.0	2
187	72	7	17	70	0	0	7.0e-10		0.0	 0.0	2
188	72	27	28	70	1	0	1.4e-9		0.0	 0.0	2
189	72	3	22	25	0	0	1.2e-9		0.0	 0.0	2
190	72	1	71	5	0	0	2.0e-11		0.0	 0.0	2
191	72	5	19	26	0	0	2.2e-10		0.0	 0.0	2
192	38	5	39	1	0	0	3.2e-10		0.0 	 0.0	2
193	38	68	18	33	0	0	6.6e-10		0.0	 0.0	2
194	31	4	39	1	0	0	6.3e-10		0.0	 0.0	2
195	37	68	18	36	0	0	3.6e-10		0.0	 0.0	2
196	57	5	58	1	0	0	1.00e-9		0.0	 0.0	2
197	64	50	59	45	0	0	1.8e-9		0.0	 0.0	2
198	43	5	55	1	0	0	1.0e-9		0.0	 8.5e1	2
199	43	6	53	4	0	0	2.63e-10	0.0	 0.0	2
200	43	6	14	52	0	0	3.66e-11	0.0	 0.0	2
201	43	8	16	42	0	0	8.25e-10	0.0	 0.0	2
202	43	8	53	3	0	0	1.45e-10	0.0	 0.0	2
203	43	52	53	42	0	0	4.51e-10	0.0	 0.0	2
204	43	52	60	4	0	0	7.9e-11		0.0	 0.0	2
205	60	5	61	1	0	0	2.0e-9		0.0	 0.0	2
206	61	1	60	5	0	0	2.1e-9		0.0	 3.0e4	2
207	61	5	21	54	0	0	1.8e-9		0.0	 8.3e3	2
208	61	4	15	54	0	0	1.4e-10		0.0	 0.0	2
209	61	9	19	54	0	0	2.6e-9		0.0	 0.0	2
210	61	8	18	54	0	0	8.80e-10	0.0	 0.0	2
211	61	50	56	54	0	0	2.30e-9		0.0	 0.0	2
212	61	52	62	54	0	0	3.4e-10		0.0	 0.0	2
213	55	5	49	1	0	0	1.28e-9		0.0	 0.0	2
214	55	5	21	42	0	0	2.25e-10	0.0	 0.0	2
215	49	5	51	1	0	0	2.7e-10		0.0	 0.0	2
216	49	8	18	48	0	0	6.4e-10		0.0	 6.1	2
217	51	5	56	1	0	0	3.36e-14	0.0	-3.57e1	2
218	51	9	56	7	0	0	1.1e-10		0.0	 0.0	2
219	56	7	51	9	0	0	2.5e-10		0.0	 3.4e3	2
220	56	54	61	50	0	0	2.3e-9		0.0	 1.0e4	2
221	58	5	59	1	0	0	9.00e-10	0.0	 0.0	2
222	58	1	11	45	0	0	3.7e-11		0.0	 0.0	2
223	59	9	19	45	0	0	4.0e-9		0.0	 2.5e3	2
224	59	9	19	46	0	0	4.0e-9		0.0	 1.0e5	2
225	62	3	22	52	0	0	1.0e-9		0.0	 0.0	2
226	62	8	18	52	0	0	1.0e-10		0.0	 0.0	2
227	62	7	17	52	0	0	6.2e-10		0.0	 0.0	2
228	62	9	19	52	0	0	2.3e-9		0.0	 0.0	2
229	53	34	35	52	0	0	9.2e-10		0.0	 0.0	2
230	11	10	1	0	0	0	3.5e-12		-0.75    0.0	2
231	12	10	2	0	0	0	2.36e-12	-0.64    0.0	2
232	13	10	3	0	0	0	4.67e-12	-0.60	 0.0	2
233	37	10	36	0	0	0	3.9e-12		-0.63	 0.0	2
234	30	10	29	0	0	0	4.9e-12		-0.60	 0.0	2
235	28	10	27	0	0	0	2.8e-12		-0.86	 0.0	2
236	35	10	34	0	0	0	3.7e-12		-0.65	 0.0	2
237	15	10	4	1	0	0	3.75e-8		-0.50	 0.0	2
238	16	10	3	4	0	0	2.00e-7		-0.48	 0.0	2
239	17	10	7	1	0	0	6.3e-8		-0.50	 0.0	2
240	17	10	4	5	0	0	3.3e-8		-0.50	 0.0	2
241	17	10	4	1	1	0	2.04e-7		-0.50	 0.0	2
242	18	10	8	1	0	0	1.10e-7		-1.00	 0.0	2
243	19	10	4	5	1	0	1.00e-8		-0.30	 0.0	2
244	19	10	7	1	1	0	4.80e-7		-0.30	 0.0	2
245	19	10	7	5	0	0	1.80e-7		-0.30	 0.0	2
246	19	10	9	1	0	0	3.3e-7		-0.30	 0.0	2
247	20	10	1	1	0	0	1.6e-8		-0.43    0.0	2
248	21	10	5	1	0	0	1.7e-8		-0.52	 0.0	2
249	21	10	1	1	1	0	5.1e-8		-0.52	 0.0	2
250	22	10	3	1	0	0	1.5e-7		-0.42	 0.0	2
251	23	10	25	1	0	0	1.35e-7		-0.55	 0.0	2
252	23	10	3	1	1	0	4.03e-7		-0.60	 0.0	2
253	23	10	3 	5	0	0	1.00e-7		-0.55	 0.0	2
254	24	10	26  	1	0	0	7.75e-8		-0.50	 0.0	2
255	24	10	25	5	0	0	1.95e-7		-0.50	 0.0	2
256	24	10	25	1	1	0	2.0e-7		-0.40	 0.0	2
257	24	10	69	0	0	0	1.1e-10		-0.5	 0.0	2
258	71	10	26	1	1	0	1.75e-7		-0.5	 0.0	2
259	71	10	69	1	0	0	1.75e-7		-0.5	 0.0	2
260	72	10	69	5	0	0	5.5e-7		-0.3	 0.0	2
261	72	10	70	1	0	0     	5.5e-7		-0.3	 0.0	2
262	31	10	29	1	1	0	2.0e-7		-0.50	 0.0	2
263	31	10	29	5	0	0	1.5e-7		-0.50	 0.0	2
264	31	10	32	1	0	0	1.5e-7		-0.50	 0.0	2
265	39	10	33	1	0	0	1.5e-7		-0.50	 0.0	2
266	39	10	29	7	0	0	1.5e-7		-0.50	 0.0	2
267	43	10	42	0	0	0	4.0e-12		-0.58    0.0	2
268	57	10	3	42	0	0	1.8e-7		-0.5	 0.0	2
269	64	10	44	3	0	0	1.5e-7		-0.5	 0.0	2
270	58	10	44	1	0	0	2.0e-7		-0.5	 0.0	2
271	61	10	54	1	0	0	1.7e-7		-0.9	 0.0	2
272	55	10	42	1	0	0	4.3e-8		-0.5	 0.0	2
273	49	10	48	1	0	0	1.02e-7		-0.4	 0.0	2
274	49	10	42	1	1	0	1.98e-7		-0.4	 0.0	2
275	51	10	48	1	1	0	1.55e-7		-0.5	 0.0	2
276	51	10	47	1	0	0	1.55e-7		-0.5	 0.0	2
277	56	10	47	1	1	0	3.19e-7		-0.47	 0.0	2
278	56	10	47	5	0	0	1.57e-7		-0.47	 0.0	2
279	56	10	50	1	0	0	1.05e-6		-0.47	 0.0	2
280	59	10	44	1	1	0	1.80e-7		-0.50	 0.0	2
281	59	10	46	1	0	0	9.00e-8		-0.50	 0.0	2
282	59	10	45	1	0	0	9.00e-8		-0.50	 0.0	2
283	63	10	44	5	0	0	1.8e-8		-0.50    0.0	2
284	63	10	46	1	0	0 	1.8e-7		-0.50	 0.0	2
285	53	10	42	4	0	0	4.3e-7		-0.37    0.0	2
286	62	10	52	1	0	0	3.0e-7		-0.5	 0.0	2
287	1	4	7	0	0	0	9.9e-18		-0.38    0.0	2
288	1	48	42	5	0	0	1.73e-11	0.5	 2.4e3	2
289	1	47	48	5	0	0	5.25e-12	0.79     2.2e3	2
290	1	50	47	5	0	0	7.8e-13		2.4	 5.0e3	2
291	1	68	8	5	0	0	2.0e-10		0.0	 0.0	2
292	1	68	4	26	0	0	6.61e-11	0.0	 5.16e4	2
293	1	46	45	1	0	0	1.00e-15	0.0	 0.0	2
294	5	44	45	1	0	0	4.04e-13	2.87	 8.20e2	2
295	5	69	70	1	0	0	6.86e-14	2.74	 4.70e3 2
296	5	42	48	1	0	0	1.69e-9		0.0	 1.81e4	2
297	5	48	47	1	0	0	5.96e-11	0.0	 7.78e3	2
298	5	47	50	1	0	0	2.05e-15	0.0	 1.4e2	2
299	3	7	8	1	0	0	1.10e-10	0.50     0.0	2
300	3	7	25	4	0	0	2.25e-11	0.50     1.48e4	2
301	3	6	8	4	0	0	2.48e-12	1.54	-6.13e2	2
302	3	68	8	25	0	0	1.0e-11		0.0	 0.0	2
303	3	52	44	4	0	0	4.8e-11		0.0	 0.0	2
304	3	52	8	42	0	0	4.65e-11	0.0	 0.0	2
305	3	48	44	1	0	0	1.73e-11	0.0	 0.0	2
306	3	48	42	25	0	0	1.10e-10	0.50	 0.0	2
307	3	47	45	1	0	0	3.26e-11	-0.10   -9.0	2
308	3	47	46	1	0	0	3.26e-11	-0.10	-9.0	2
309	4	7	6	1	0	0	1.77e-11	0.0	-1.78e2	2
310	4	25	8	1	0	0	6.6e-11		0.0	 0.0	2
311	4	25	18	10	0	0	2.0e-11		0.44	 0.0	2
312	4	25	7	3	0	0	2.5e-11		0.0	 2.38e3	2
313	4	26	8	1	1	0	1.33e-10	0.0	 0.0	2
314	4	26	7	25	0	0	4.98e-10	0.0	 6.0e3	2
315	4	26	8	5	0	0	8.00e-11	0.0	 0.0	2
316	4	26	68	1	0	0	5.01e-11	0.0	 0.0	2
317	4	52	6	42	0	0	1.18e-11	0.0	 2.04e4	2
318	4	32	33	1	0	0	4.0e-11		0.50	 0.0	2
319	4	44	8	42	0	0	4.36e-11	0.46     3.64e2	2
320	4	44	52	3	0	0	3.81e-11	0.50	 1.45e3	2
321	4	48	7	42	0	0	1.16e-11	0.0	 0.0	2
322	4	48	52	1	0	0	1.6e-10		0.0	 0.0	2
323	4	47	48	7	0	0	1.39e-11	0.0	 0.0	2
324	4	47	52	5	0	0	8.30e-12	0.0	 0.0	2
325	4	50	47	7	0	0	1.89e-11	0.0      4.0e3	2
326	4	68	8	7	0	0	5.00e-11	0.0	 0.0	2
327	6	26	68	7	0	0	4.10e-11	0.0	 7.5e2	2
328	6	26	8	9	0	0	2.48e-10	-3.3	 1.4e3	2
329	6	42	52	4	0	0	2.26e-12	0.0      3.1e3	2
330	42	44	54	3	0	0	1.13e-14	3.19	-2.73e3	2
331	42	7	52	1	0	0	4.06e-11	0.05	-7.8e1	2
332	42	7	4	48	0	0	1.88e-11	0.10	 1.07e4	2
333	42	68	45	4	0	0	1.70e-10	0.0	 0.0	2
334	42	25	44	1	0	0	1.66e-10	-0.09    0.0	2
335	42	26	45	1	0	0	7.89e-11	0.17	 0.0	2
336	42	26	46	1	0	0	7.89e-11	0.17	 0.0	2
337	42	69	45	5	0	0	1.3e-11		0.50	 0.0	2
338	42	52	54	4	0	0	3.75e-11	0.0	 2.6e1	2
339	42	48	54	1	0	0	4.98e-11	0.0	 0.0	2
340	7	50	47	9	0	0	1.47e-13	2.05	 7.0	2
341	7	8	8	4	1	0	1.17e-13	0.95	 -7.4e1	2
342	1	7	5	4	0	0	6.99e-14	2.8	 1.95e3	2
343	1	7	9	0	0	0	5.26e-18	-5.22	 9.0e1	2
344	1	7	1	1	4	0	6.00e-9		0.0	 5.09e4	2
345	1	9	5	7	0	0	1.59e-11	1.2	 9.6e3	2
346	1	9	7	1	1	0	5.80e-9		0.0	 5.29e4	2
347	1	6	7	4	0	0	2.61e-10	0.0	 8.16e3	2
348	1	6	4	4	1	0	6.00e-9		0.0	 5.23e4	2
349	1	25	5	3	0	0	2.7e-11		0.38	 0.0	2
350	1	25	3	1	1	0	6.00e-9		0.0	 4.02e4	2
351	1	26	25	5	0	0	6.64e-11	0.0	 0.0	2
352	1	5	1	1	1	0	4.67e-7		-1.00	 5.5e4	2
353	5	5	5	1	1	0	1.00e-8		0.0	 8.41e4	2
354	5	4	7	1	0	0	3.14e-13	2.70	 3.15e3	2
355	5	13	22	1	0	0	1.00e-10	0.0	 4.64e3	2
356	5	3	25	1	0	0	6.64e-9		0.50	 1.17e4	2
357	5	7	9	1	0	0	2.05e-11	1.52	 1.74e3	2
358	5	7	4	5	1	0	6.00e-9		0.0	 5.09e4	2
359	5	25	26	1	0	0	5.46e-10	0.0	 1.94e3	2
360	5	25	3	5	1	0	6.00e-9		0.0	 4.02e4	2
361	5	6	7	7	0	0	3.16e-10	0.0	 2.19e4	2
362	5	6	4	4	5	0	6.00e-9		0.0	 2.85e4	2
363	4	9	7	7	0	0	1.85e-11	0.95	 8.57e3	2
364	4	7	1	6	0	0	1.77e-10	0.0	-1.78e2	2
365	7	7	9	4	0	0	3.87e-13	0.0	-4.69e2	2
366	1	0	11	10	0	0	5.98e-18	0.0	 0.0	3
367	2	0	12	10	0	0	6.50e-18	0.0	 0.0	3
368	5	0	11	1	10	0	2.20e-19	0.0	 0.0	3
369	5	0	1	1	0	0	1.30e-18	0.0	 0.0	3
370	5	0	20	10	0	0	1.20e-17	0.0	 0.0	3
371	42	0	43	10	0	0	2.7e-17		0.0	 0.0	3
372	44	0	3	42	0	0	1.3e-17         1.058e4	 0.0	4	
373	47	0	48	1	0	0	1.3e-17         8.0e1    0.0	4
374	47	0	49	10	0	0	1.3e-17         6.49e2   0.0 	4
375	50	0	51	10	0	0	1.3e-17		5.76e2	 0.0	4
376	50	0	48	5	0	0	1.3e-17		5.41e2	 0.0	4
377	50	0	47	1	0	0	1.3e-17		1.315e3	 0.0	4
378	52	0	42	4	0	0	1.3e-17         4.62e2 	 0.0	4
379	52	0	53	10	0	0	1.3e-17         4.94e2	 0.0	4
380	45	0	44	1	0	0	1.3e-17         3.114e3	 0.0	4
381	46	0	44	1	0	0	1.3e-17         3.0e3	 0.0	4
382	11	4	14	1	0	0	7.31e-10	0.23	 2.26e2	2
383	11	36	37	1	0	0	1.3e-9		0.0	 0.0	2
384	11	29	30	1	0	0	9.9e-10	 	0.0	 0.0	2
385	11	27	28	1	0	0	1.1e-9		0.0	 0.0	2
386	11	34	35	1	0	0	7.4e-9		0.0	 0.0	2
387	12	29	30	2	0	0	3.3e-9		0.0	 0.0	2
388	13	36	37	3	0	0	1.5e-9		0.0	 0.0	2
389	13	29	30	3	0	0	2.1e-9		0.0	 0.0	2
390	13	27	28	3	0	0	1.1e-9		0.0	 0.0	2
391	13	34	35	3	0	0	2.6e-9		0.0	 0.0	2
392	37	29	30	36	0	0	1.6e-9		0.0	 0.0	2
393	37	27	28	36	0	0	2.8e-10		0.0	 0.0	2
394	37	34	35	36	0	0	1.8e-10		0.0	 0.0	2
395	30	27	28	29	0	0	2.9e-10		0.0	 0.0	2
396	30	34	35	29	0	0	1.9e-10		0.0	 0.0	2
397	30	36	37	29	0	0	8.0e-10		0.0	 0.0	2
398	1	3	25	0	0	0	1.00e-17	0.0	 0.0	2
399	13	1	22	0	0	0	1.70e-17	0.0	 0.0	2
400	13	5	23	0	0	0	4.00e-16	-0.20	 0.0	2
401	30	5	31	0	0	0	1.00e-18	0.0	 0.0	2
402	1	10	41	0	0	0	4.0e-16		0.67	 -4.0	2
403	41	0	1	10	0	0	2.4e-7		0.0	 0.50	2
404	1	41	5	10	0	0	1.3e-9		0.0	 0.0	2
405	11	41	1	1	0	0	2.30e-7		-0.50	 0.0	2
406	20	41	5	1	0	0	2.30e-7		-0.50	 0.0	2
407	21	41	5	5	0	0	2.30e-7		-0.50	 0.0	2
408	12	41	2	1	0	0	2.30e-7		-0.50	 0.0	2
409	4	41	7	10	0	0	1.00e-9		0.0	 0.0	2
410	3	41	25	10	0	0	1.00e-9		0.0	 0.0	2
411	13	41	3	1	0	0	2.30e-7		-0.50	 0.0	2
412	14	41	4	1	0	0	2.30e-7		-0.50	 0.0	2
413	37	41	36	1	0	0	2.30e-7		-0.50	 0.0	2
414	30	41	29	1	0	0	2.30e-7		-0.50	 0.0	2
415	35	41	34	1	0	0	2.30e-7		-0.50	 0.0	2
416	7	41	9	10	0	0	1.0e-10		0.0	 0.0	2
417	18	41	8	5	0	0	2.30e-7		-0.50	 0.0	2
418	19	41	7	5	1	0	2.30e-7		-0.50	 0.0	2
419	19	41	9	5	0	0	2.30e-7		-0.50	 0.0	2
420	66	0	67	10	0	0	7.85e-9        	0.0	 2.0	1
421	65	0	66	10	0	0	2.00e-8		0.0	 2.0	1
422	67	10	66	0	0	0	3.5e-5	        -0.50	 0.0	5	
423	66	10	65	0	0	0	1.34e-6		0.0	 0.0	5
424	66	11	67	1	0	0	3.1e-8	   	0.0	 0.0	5	
425	66	12	67	2	0	0	1.6e-8	   	0.0	 0.0	5	
426	66	13	67	3	0	0	9.0e-9	   	0.0	 0.0	5
427	66	43	67	42	0	0	8.3e-9	   	0.0	 0.0	5
428	66	28	67	27	0	0	6.3e-9	   	0.0	 0.0	5
429	66	30	67	29	0	0	5.9e-9		0.0	 0.0	5
430	66	37	67	36	0	0	5.5e-9		0.0	 0.0	5
431	66	35	67	34	0	0	4.2e-9		0.0	 0.0	5
432	65	11	66	1	0	0	8.3e-7	   	5.0e-1	 0.0	5
433	65	12	66	2	0	0	4.2e-7	   	5.0e-1	 0.0	5
434	65	13	66	3	0	0	2.4e-7	   	5.0e-1	 0.0	5
435	65	43	66	42	0	0	2.2e-7	   	5.0e-1	 0.0	5
436	65	28	66	27	0	0	1.7e-7	   	5.0e-1	 0.0	5
437	65	30	66	29	0	0	1.6e-7	  	5.0e-1	 0.0	5
438	65	37	66	36	0	0	1.5e-7	   	5.0e-1	 0.0	5
439	65	35	66	34	0	0	1.1e-7	   	5.0e-1	 0.0	5
440	40	1	5	1	0	0	1.9e-12    	5.0e-1	 1.0e3	2
441	40  	1	1	1	1	0	9.80e-12    	5.0e-1   2.7e4	2	
442	40	5	5	1	1	0	9.80e-12    	5.0e-1   2.7e4	2	
443	40	40	1	1	5	0	9.80e-12    	5.0e-1	 0.0	2
444	40	4	7	1	0	0	3.4e-13     	2.67e0   0.0	2
445	40	7	9	1	0	0	1.6e-11     	1.60e0   0.0	2
446	40	6	7	7	0	0	3.1e-10     	0.0      0.0	2
447	40	3	25	1	0	0	6.6e-10     	0.0      0.0	2
448	40	25	26	1	0	0	2.4e-10     	0.0      0.0	2
449	40	13	22	1	0	0	1.0e-10     	0.0      0.0	2
450	40	42	48	1	0	0	4.7e-10      	5.0e-1   0.0	2
451	40	48	47	1	0	0	6.0e-11     	0.0      0.0	2
452	40	47	50	1	0	0	2.1e-12     	0.0      0.0	2
453	40	44	45	1	0	0	3.5e-13     	3.31e0   0.0	2
454	40	26	69	1	0	0	5.2e-12     	1.7e-1   0.0	2
455	40	0	5	0	0	0	2.0e-7     	0.0      0.0	2
456	5	0	40	0	0	0	3.4e-10	        0.0      2.5e0	1
457	40	0	1	1	0	0	1.0e-11      	0.0	 2.5e0	1
458	40	5	5	5	0	0	1.4e-12    	5.0e-1	 0.0	0
459	1	0	5	0	0	0	6.0e-17         5.0e-1   0.0	0
